function [A, B, C, D] = f16_data()

A = [
    -0.1656 -10.7137 -7.2815 -32.1740;
    -0.0018 -0.0981 0.9276 0;
     0 -0.6252 -0.4673 0;
     0 0 1.0000 0;
];

B = [
    -4.0478;  
    -0.0253;    	
    -0.8992;    	
    0 ;   
];

C=eye(4,4);

D=zeros(4,1);


end