function [A, B, C, D] = uav1_data()

    A = [
             -0.013464           0.0884394                   0               -9.81;
             -0.333327            -2.40753             54.7647                   0;
          -0.000268357           -0.244155            -2.16903                   0;
                     0                   0                   1                   0;
    ];

    B = [
         -0.3889282;
          -27.31351;
           -24.7593;
                  0;
    ];
    
    C=eye(4,4);
    
    D=zeros(4,1);


end