function [A, B, C, D] = elv_data()

A = [
        -100.858 1 -0.1256;	
    	14.7805 0 0.01958;
        0.0 1.0 0.0;
    	
];

B = [
        20.42;
    	3.4858;	
        0;
];

C=eye(3,3);

D=zeros(3,1);


end