function [A, B, C, D] = uav2_data()

    A = [
           -0.0752503            0.701345                   0               -9.81;
              -1.94312            -17.1294             8.09667                   0;
            -0.0806487            -13.7815            -19.3706                   0;
                     0                   0                   1                   0;
    ];

    B = [
           2.433398;
           158.6427;
          -144.7323;
                  0;
    ];
    
    C=eye(4,4);
    
    D=zeros(4,1);


end