function [A, B, C, D] = elv_data()

A = [
    	0.0 1.0 0.0;
    	14.7805 0 0.01958;
    	-100.858 1 -0.1256;
];

B = [
    	0;
    	3.4858;
    	20.42;
];

C=eye(3,3);

D=zeros(3,1);


end