function [A, B, C, D] = uav_data()

    A = [
        -0.1982 0.593 1.245 -9.779;
        -0.7239 -3.9848 18.7028 -0.6286;
         0.3537 -5.5023 -5.4722 0;
     	 0 0 1.00 0;
    ];

    B = [
        0.2281;  
        -4.6830 ;    	
        -36.1341 ;    	
     	0 ;   
    ];
    
    C= [
        0.9979 0.0641 0 0;
        -0.0032 0.0499 0 0;
        0 0 1.0 0;
        0 0 0 1.0
    ];
    
    D=zeros(4,1);


end